     0.057294      0.121849
     Created new worksheet B1.
     0.114582      0.121848
     0.171861      0.121849
     0.229123      0.121853
     0.286364      0.121859
     0.343579      0.121868
     0.400763       0.12188
      0.45791      0.121895
     0.515016      0.121912
     0.572074      0.121931
     0.629081      0.121953
     0.686031      0.121978
     0.742918      0.122005
     0.799738      0.122034
     0.856487      0.122065
     0.913158      0.122099
     0.969747      0.122135
      1.02625      0.122172
      1.08266      0.122212
      1.13898      0.122254
      1.19519      0.122297
       1.2513      0.122342
       1.3073      0.122389
      1.36319      0.122437
      1.41895      0.122487
      1.47459      0.122537
      1.53011      0.122589
      1.58549      0.122643
      1.64074      0.122697
      1.69585      0.122751
      1.75082      0.122807
      1.80564      0.122863
       1.8603       0.12292
      1.91481      0.122976
      1.96917      0.123033
      2.02336       0.12309
      2.07738      0.123147
      2.13124      0.123204
      2.18492       0.12326
      2.23843      0.123316
      2.29176      0.123371
       2.3449      0.123425
      2.39786      0.123478
      2.45064       0.12353
      2.50322      0.123581
      2.55561      0.123631
       2.6078      0.123679
       2.6598      0.123725
      2.71159      0.123769
      2.76318      0.123812
      2.81457      0.123852
      2.86574       0.12389
      2.91671      0.123926
      2.96746      0.123959
        3.018       0.12399
      3.06833      0.124017
      3.11843      0.124042
      3.16831      0.124064
      3.21798      0.124083
      3.26742      0.124098
      3.31663       0.12411
      3.36562      0.124119
      3.41437      0.124124
       3.4629      0.124126
       3.5112      0.124123
      3.55926      0.124117
      3.60709      0.124107
      3.65469      0.124093
      3.70205      0.124075
      3.74917      0.124053
      3.79605      0.124027
      3.84269      0.123996
      3.88909      0.123962
      3.93525      0.123923
      3.98117      0.123879
      4.02684      0.123832
      4.07227       0.12378
      4.11745      0.123723
       4.1613      0.126758
      4.20604      0.123481
      4.25053      0.123408
      4.29477      0.123331
      4.33877       0.12325
      4.38251      0.123165
        4.426      0.123076
      4.46924      0.122983
      4.51223      0.122886
      4.55496      0.122785
      4.59744      0.122681
      4.63966      0.122573
      4.68162      0.122461
      4.72333      0.122345
      4.76478      0.122227
      4.80597      0.122104
       4.8469      0.121979
      4.88757      0.121851
      4.92798      0.121719
      4.96813      0.121584
      5.00802      0.121447
      5.04764      0.121307
        5.087      0.121165
      5.12609       0.12102
      5.16492      0.120873
      5.20348      0.120724
      5.24177      0.120572
       5.2798      0.120419
      5.31755      0.120265
      5.35504      0.120108
      5.39225      0.119951
       5.4292      0.119792
      5.46587      0.119633
      5.50227      0.119472
      5.53839      0.119311
      5.57424      0.119149
      5.60981      0.118987
      5.64511      0.118825
      5.68013      0.118663
      5.71487      0.118502
      5.74934      0.118341
      5.78352       0.11818
      5.81742       0.11802
      5.85104      0.117862
      5.88438      0.117705
      5.91744      0.117549
      5.95021      0.117395
      5.98237      0.118414
      6.01459      0.117029
      6.04653      0.116882
      6.07817      0.116737
      6.10953      0.116596
       6.1406      0.116457
      6.17138      0.116321
      6.20186      0.116189
      6.23206      0.116061
      6.26196      0.115937
      6.29157      0.115817
      6.32089      0.115701
      6.34991       0.11559
      6.37863      0.115485
      6.40706      0.115384
       6.4352      0.115289
      6.46303        0.1152
      6.49057      0.115116
      6.51781       0.11504
      6.54475      0.114969
      6.57139      0.114906
      6.59773       0.11485
      6.62377      0.114802
      6.64951      0.114762
      6.67494       0.11473
      6.70007      0.114707
      6.72491      0.114693
      6.74943      0.114688
      6.77366      0.114694
      6.79757      0.114709
      6.82119      0.114735
       6.8445      0.114773
       6.8675      0.114822
       6.8902      0.114883
      6.91259      0.114956
      6.93468      0.115043
      6.95646      0.115144
      6.97793      0.115259
       6.9991      0.115389
      7.01996      0.115534
      7.04051      0.115696
      7.06076      0.115874
       7.0807      0.116071
      7.10033      0.116286
      7.11965       0.11652
      7.13867      0.116774
      7.15738       0.11705
      7.17578      0.117348
      7.19388      0.117669
      7.21166      0.118014
      7.22914      0.118385
      7.24632      0.118783
      7.26318      0.119208
      7.27975      0.119664
        7.296      0.120151
      7.31195       0.12067
      7.32759      0.121224
      7.34293      0.121815
      7.35796      0.122444
      7.37269      0.123114
      7.38711      0.123827
      7.40123      0.124586
      7.41504      0.125393
      7.42855      0.126252
      7.44176      0.127165
      7.45467      0.128137
      7.46721      0.129864
      7.47951      0.130256
      7.49152      0.131428
      7.50322      0.132676
      7.51462      0.134005
      7.52573      0.135422
      7.53654      0.136934
      7.54705      0.138548
      7.55726      0.140272
         0.02       0.99995
     Created new worksheet B1.
         0.04        0.9998
         0.06       0.99955
         0.08        0.9992
          0.1      0.998751
         0.12      0.998202
         0.14      0.997553
         0.16      0.996805
         0.18      0.995958
          0.2      0.995012
         0.22      0.993968
         0.24      0.992826
         0.26      0.991586
         0.28      0.990248
          0.3      0.988813
         0.32      0.987282
         0.34      0.985654
         0.36       0.98393
         0.38      0.982112
          0.4      0.980199
         0.42      0.978191
         0.44       0.97609
         0.46      0.973897
         0.48      0.971611
          0.5      0.969233
         0.52      0.966765
         0.54      0.964206
         0.56      0.961558
         0.58      0.958822
          0.6      0.955997
         0.62      0.953086
         0.64      0.950089
         0.66      0.947006
         0.68      0.943839
          0.7      0.940588
         0.72      0.937255
         0.74       0.93384
         0.76      0.930345
         0.78       0.92677
          0.8      0.923116
         0.82      0.919385
         0.84      0.915578
         0.86      0.911695
         0.88      0.907737
          0.9      0.903707
         0.92      0.899604
         0.94      0.895431
         0.96      0.891188
         0.98      0.886876
            1      0.882497
         1.02      0.878051
         1.04      0.873541
         1.06      0.868967
         1.08       0.86433
          1.1      0.859633
         1.12      0.854875
         1.14      0.850058
         1.16      0.845185
         1.18      0.840255
          1.2       0.83527
         1.22      0.830232
         1.24      0.825142
         1.26      0.820001
         1.28       0.81481
          1.3      0.809571
         1.32      0.804286
         1.34      0.798955
         1.36      0.793581
         1.38      0.788163
          1.4      0.782704
         1.42      0.777206
         1.44      0.771668
         1.46      0.766094
         1.48      0.760484
          1.5      0.754839
         1.52      0.749162
         1.54      0.743453
         1.56      0.737713
         1.58      0.731945
          1.6      0.726149
         1.62      0.720327
         1.64       0.71448
         1.66       0.70861
         1.68      0.702717
          1.7      0.696805
         1.72      0.690872
         1.74      0.684922
         1.76      0.678955
         1.78      0.672973
          1.8      0.666977
         1.82      0.660968
         1.84      0.654947
         1.86      0.648917
         1.88      0.642878
          1.9      0.636831
         1.92      0.630779
         1.94      0.624721
         1.96      0.618659
         1.98      0.612595
            2       0.60653
         2.02      0.600465
         2.04      0.594401
         2.06       0.58834
         2.08      0.582282
          2.1      0.576229
         2.12      0.570181
         2.14      0.564141
         2.16      0.558109
         2.18      0.552086
          2.2      0.546074
         2.22      0.540073
         2.24      0.534085
         2.26       0.52811
         2.28       0.52215
          2.3      0.516205
         2.32      0.510277
         2.34      0.504367
         2.36      0.498476
         2.38      0.492603
          2.4      0.486752
         2.42      0.480922
         2.44      0.475114
         2.46      0.469329
         2.48      0.463569
          2.5      0.457833
         2.52      0.452123
         2.54       0.44644
         2.56      0.440784
         2.58      0.435156
          2.6      0.429557
         2.62      0.423988
         2.64      0.418449
         2.66      0.412941
         2.68      0.407465
          2.7      0.402021
         2.72       0.39661
         2.74      0.391233
         2.76      0.385891
         2.78      0.380583
          2.8      0.375311
         2.82      0.370074
         2.84      0.364875
         2.86      0.359712
         2.88      0.354587
          2.9        0.3495
         2.92      0.344452
         2.94      0.339442
         2.96      0.334472
         2.98      0.329542
            3      0.324652
         3.02      0.319803
         3.04      0.314994
         3.06      0.310227
         3.08      0.305501
          3.1      0.300818
         3.12      0.296176
         3.14      0.291577
         3.16      0.287021
         3.18      0.282507
          3.2      0.278037
         3.22       0.27361
         3.24      0.269227
         3.26      0.264887
         3.28      0.260591
          3.3       0.25634
         3.32      0.252132
         3.34      0.247969
         3.36       0.24385
         3.38      0.239776
          3.4      0.235746
         3.42       0.23176
         3.44       0.22782
         3.46      0.223923
         3.48      0.220072
          3.5      0.216265
         3.52      0.212502
         3.54      0.208785
         3.56      0.205111
         3.58      0.201483
          3.6      0.197898
         3.62      0.194358
         3.64      0.190863
         3.66      0.187411
         3.68      0.184003
          3.7       0.18064
         3.72       0.17732
         3.74      0.174043
         3.76       0.17081
         3.78      0.167621
          3.8      0.164474
         3.82      0.161371
         3.84       0.15831
         3.86      0.155291
         3.88      0.152315
          3.9      0.149381
         3.92      0.146489
         3.94      0.143639
         3.96       0.14083
         3.98      0.138062
            4      0.135335
